layout_spectrum: 0.2956989
color:
  saturation: 0.2885305
  brandStrength: 0.7185139
  lightness: 0.3207885
  rhythmicContrast: 0.2204301
typography_spectrum: 0.4928315
name: Geekest-Link
